{
 "cells": [
  {
   "cell_type": "code",
   "execution_count": 1,
   "id": "5890bfc2",
   "metadata": {},
   "outputs": [
    {
     "name": "stdout",
     "output_type": "stream",
     "text": [
      "Using dt = 10 seconds, T = 0.25 years\n",
      "Initializing waveform generator...\n",
      "Creating GenerateEMRIWaveform class...\n",
      "Done initializing waveform generator.\n",
      "Creating GravWaveAnalysis class...\n",
      "Initializing loglike class...\n",
      "Done initializing loglike class.\n",
      "Calculating SNR...\n",
      "SNR calculated: 5.942134448355127\n",
      "Setting up log_density and prior functions...\n",
      "Done setting up log-likelihood and prior.\n"
     ]
    }
   ],
   "source": [
    "import numpy as np\n",
    "import matplotlib.pyplot as plt\n",
    "from numba import cuda, float64, complex128\n",
    "from numba.cuda import jit as cuda_jit\n",
    "import math\n",
    "\n",
    "import few\n",
    "\n",
    "from few.trajectory.inspiral import EMRIInspiral\n",
    "from few.trajectory.ode import KerrEccEqFlux\n",
    "from few.amplitude.ampinterp2d import AmpInterpKerrEccEq\n",
    "from few.summation.interpolatedmodesum import InterpolatedModeSum \n",
    "\n",
    "\n",
    "from few.utils.ylm import GetYlms\n",
    "\n",
    "from few import get_file_manager\n",
    "\n",
    "from few.waveform import GenerateEMRIWaveform, FastKerrEccentricEquatorialFlux\n",
    "\n",
    "from few.utils.geodesic import get_fundamental_frequencies\n",
    "\n",
    "from few.utils.constants import YRSID_SI\n",
    "from smt.sampling_methods import LHS\n",
    "\n",
    "\n",
    "import os\n",
    "import sys\n",
    "\n",
    "# Changing directory to FEWNEW/work\n",
    "# to import stuffs\n",
    "os.chdir('/nfs/home/svu/e1498138/localgit/FEWNEW/work/')\n",
    "sys.path.insert(0, '/nfs/home/svu/e1498138/localgit/FEWNEW/work/')\n",
    "\n",
    "import GWfuncs\n",
    "import loglike_timemax  # TIME-MAXIMIZED VERSION\n",
    "# import modeselectoralt\n",
    "import parismc\n",
    "# import gc\n",
    "import pickle\n",
    "import cupy as cp\n",
    "\n",
    "# tune few configuration\n",
    "cfg_set = few.get_config_setter(reset=True)\n",
    "cfg_set.set_log_level(\"info\")\n",
    "\n",
    "# GPU configuration \n",
    "use_gpu = True\n",
    "force_backend = \"cuda12x\"  \n",
    "dt = 10     # Time step\n",
    "T = 3/12     # Total time\n",
    "print(f\"Using dt = {dt} seconds, T = {T} years\")\n",
    "\n",
    "print('Initializing waveform generator...')\n",
    "# keyword arguments for inspiral generator \n",
    "inspiral_kwargs={\n",
    "        \"func\": 'KerrEccEqFlux',\n",
    "        \"DENSE_STEPPING\": 0, #change to 1/True for uniform sampling\n",
    "        \"include_minus_m\": False, \n",
    "}\n",
    "\n",
    "# keyword arguments for inspiral generator \n",
    "amplitude_kwargs = {\n",
    "    \"force_backend\": force_backend # Force GPU\n",
    "}\n",
    "\n",
    "# keyword arguments for Ylm generator (GetYlms)\n",
    "Ylm_kwargs = {\n",
    "    \"force_backend\": force_backend,  # Force GPU\n",
    "    # \"assume_positive_m\": True  # if we assume positive m, it will generate negative m for all m>0\n",
    "}\n",
    "\n",
    "# keyword arguments for summation generator (InterpolatedModeSum)\n",
    "sum_kwargs_comb = {\n",
    "    \"force_backend\": force_backend,  # Force GPU\n",
    "    \"pad_output\": True,\n",
    "}\n",
    "\n",
    "sum_kwargs_sep = {\n",
    "    \"force_backend\": force_backend,  # Force GPU\n",
    "    \"pad_output\": True,\n",
    "    \"separate_modes\": True,\n",
    "}\n",
    "\n",
    "print(\"Creating GenerateEMRIWaveform class...\")\n",
    "# Kerr eccentric flux\n",
    "waveform_gen_comb = GenerateEMRIWaveform(\n",
    "    FastKerrEccentricEquatorialFlux, \n",
    "    frame='detector',\n",
    "    inspiral_kwargs=inspiral_kwargs, \n",
    "    amplitude_kwargs=amplitude_kwargs, \n",
    "    Ylm_kwargs=Ylm_kwargs,\n",
    "    sum_kwargs=sum_kwargs_comb,\n",
    "    use_gpu=use_gpu\n",
    ")\n",
    "\n",
    "# Kerr eccentric flux\n",
    "waveform_gen_sep = GenerateEMRIWaveform(\n",
    "    FastKerrEccentricEquatorialFlux, \n",
    "    frame='detector',\n",
    "    inspiral_kwargs=inspiral_kwargs, \n",
    "    amplitude_kwargs=amplitude_kwargs, \n",
    "    Ylm_kwargs=Ylm_kwargs,\n",
    "    sum_kwargs=sum_kwargs_sep,\n",
    "    use_gpu=use_gpu\n",
    ")\n",
    "\n",
    "\n",
    "print('Done initializing waveform generator.')\n",
    "\n",
    "print(\"Creating GravWaveAnalysis class...\")\n",
    "gwf = GWfuncs.GravWaveAnalysis(T, dt)\n",
    "\n",
    "print(\"Initializing loglike class...\")\n",
    "\n",
    "\n",
    "# Source parameters\n",
    "m1 = 1e6\n",
    "m2 = 1e1\n",
    "a = 0.7\n",
    "p0 = 9\n",
    "e0 = 0.4\n",
    "xI0 = 1.0\n",
    "dist = 1.8  # Gpc\n",
    "qS = np.pi\n",
    "phiS = 0.\n",
    "qK =  0.\n",
    "phiK = 0.\n",
    "Phi_phi0 = 0.4\n",
    "Phi_theta0 = 0.0\n",
    "Phi_r0 = 0.5\n",
    "\n",
    "params_star = (m1, m2, a, p0, e0, xI0, dist, qS, phiS, qK, phiK, Phi_phi0, Phi_theta0, Phi_r0)\n",
    "param_true = [np.log10(m1), np.log10(m2), a, p0, e0]\n",
    "\n",
    "# n-indexed mode selection parameters\n",
    "n_vals = np.arange(-1,6)  # n from -1 to 5\n",
    "ell = 2  # quadrupole only\n",
    "\n",
    "# NOTE: change verbose argument for debugging\n",
    "# Using n-indexed mode selection\n",
    "loglike_obj = loglike_timemax.LogLikeTimeMax(\n",
    "    params_star,\n",
    "    waveform_gen_comb,\n",
    "    gwf,\n",
    "    verbose=False,\n",
    "    waveform_gen_sep=waveform_gen_sep,\n",
    "    ell=ell,\n",
    "    n_vals=n_vals,\n",
    "    M_mode=None  # No SNR filtering, use all n-groups\n",
    ")\n",
    "\n",
    "print('Done initializing loglike class.')\n",
    "print('Calculating SNR...')\n",
    "data = loglike_obj.signal\n",
    "data_snr = gwf.rhostat(data)\n",
    "print('SNR calculated:', data_snr)\n",
    "print(\"Setting up log_density and prior functions...\")\n",
    "\n",
    "\n",
    "def log_density(params):\n",
    "    params = np.asarray(params)\n",
    "\n",
    "    n_samples = params.shape[0] \n",
    "    log_likes = np.zeros(n_samples)\n",
    "\n",
    "\n",
    "    for i in range(n_samples):\n",
    "        logm1, logm2, a, p0, e0 = params[i]\n",
    "        m1 = 10**logm1\n",
    "        m2 = 10**logm2\n",
    "\n",
    "        loglike = loglike_obj(np.array([m1, m2, a, p0, e0, xI0, dist, qS, phiS, qK, phiK, Phi_phi0, Phi_theta0, Phi_r0]))\n",
    "        log_likes[i] = loglike #NOTE: scaled 10x\n",
    "\n",
    "    return log_likes\n",
    "\n",
    "def prior_transform(u):\n",
    "    logm1lim = [5.6, 6.4]\n",
    "    logm2lim = [0.8,1.3]\n",
    "    alim = [0.3, 0.99]\n",
    "    p0lim = [8.0, 11.0]\n",
    "    e0lim = [0.2, 0.5]\n",
    "\n",
    "    transformed = np.zeros_like(u)\n",
    "\n",
    "    # Uniform in log for masses\n",
    "\n",
    "    # m1\n",
    "    transformed[:, 0] = (logm1lim[1] - logm1lim[0]) * u[:, 0] + logm1lim[0]\n",
    "\n",
    "    # m2\n",
    "    transformed[:, 1] = (logm2lim[1] - logm2lim[0]) * u[:, 1] + logm2lim[0]\n",
    "\n",
    "    # Linear in others \n",
    "\n",
    "    # a\n",
    "    transformed[:, 2] = (alim[1] - alim[0]) * u[:, 2] + alim[0]\n",
    "\n",
    "    # p0\n",
    "    transformed[:, 3] = (p0lim[1] - p0lim[0]) * u[:, 3] + p0lim[0] \n",
    "\n",
    "    # e0\n",
    "    transformed[:, 4] = (e0lim[1] - e0lim[0]) * u[:, 4] + e0lim[0]\n",
    "\n",
    "    \n",
    "    return transformed\n",
    "\n",
    "    \n",
    "\n",
    "print('Done setting up log-likelihood and prior.')"
   ]
  },
  {
   "cell_type": "code",
   "execution_count": null,
   "id": "d6d18aeb",
   "metadata": {},
   "outputs": [],
   "source": [
    "sampler = parismc.Sampler.load_state('./search/intrinsic_ffunc_3mth_snr32_run3/sampler_state.pkl')"
   ]
  },
  {
   "cell_type": "code",
   "execution_count": null,
   "id": "621fdd94",
   "metadata": {},
   "outputs": [],
   "source": [
    "samples, weights = sampler.get_samples_with_weights(flatten=True)"
   ]
  },
  {
   "cell_type": "code",
   "execution_count": 4,
   "id": "c872191c",
   "metadata": {},
   "outputs": [
    {
     "data": {
      "text/plain": [
       "[array([[[ 1.00000000e+10,  0.00000000e+00,  0.00000000e+00,\n",
       "           0.00000000e+00,  0.00000000e+00],\n",
       "         [ 0.00000000e+00,  1.00000000e+10,  0.00000000e+00,\n",
       "           0.00000000e+00,  0.00000000e+00],\n",
       "         [ 0.00000000e+00,  0.00000000e+00,  1.00000000e+10,\n",
       "           0.00000000e+00,  0.00000000e+00],\n",
       "         [ 0.00000000e+00,  0.00000000e+00,  0.00000000e+00,\n",
       "           1.00000000e+10,  0.00000000e+00],\n",
       "         [ 0.00000000e+00,  0.00000000e+00,  0.00000000e+00,\n",
       "           0.00000000e+00,  1.00000000e+10]],\n",
       " \n",
       "        [[ 6.64361995e+08,  3.29709618e+08,  1.36919605e+08,\n",
       "           4.15726469e+07,  8.14578172e+07],\n",
       "         [ 3.29709618e+08,  8.79170003e+08,  1.13165760e+08,\n",
       "          -1.14048778e+08,  3.82974185e+08],\n",
       "         [ 1.36919605e+08,  1.13165760e+08,  5.82027135e+08,\n",
       "          -3.04497530e+08,  2.46116646e+08],\n",
       "         [ 4.15726469e+07, -1.14048778e+08, -3.04497530e+08,\n",
       "           1.67538857e+09, -3.94806716e+08],\n",
       "         [ 8.14578172e+07,  3.82974185e+08,  2.46116646e+08,\n",
       "          -3.94806716e+08,  7.83720405e+08]],\n",
       " \n",
       "        [[ 6.60478618e+07,  6.13481246e+06, -4.25851895e+06,\n",
       "          -2.18478120e+07, -1.04196680e+07],\n",
       "         [ 6.13481246e+06,  4.57164628e+07,  1.87008912e+07,\n",
       "          -1.94746272e+07,  3.83387787e+07],\n",
       "         [-4.25851895e+06,  1.87008912e+07,  4.04368797e+07,\n",
       "          -2.03381255e+07,  3.08434705e+07],\n",
       "         [-2.18478120e+07, -1.94746272e+07, -2.03381255e+07,\n",
       "           1.33910784e+08,  1.08537718e+07],\n",
       "         [-1.04196680e+07,  3.83387787e+07,  3.08434705e+07,\n",
       "           1.08537718e+07,  7.47986520e+07]],\n",
       " \n",
       "        ...,\n",
       " \n",
       "        [[ 3.09918233e+00,  3.54926997e-02,  5.73252866e-03,\n",
       "           3.11381089e-03, -3.84816305e-02],\n",
       "         [ 3.54926997e-02,  3.13954461e+00, -5.07821229e-02,\n",
       "           8.66063536e-02, -3.97843344e-02],\n",
       "         [ 5.73252866e-03, -5.07821229e-02,  3.01181780e+00,\n",
       "          -4.67334890e-03, -8.46153237e-02],\n",
       "         [ 3.11381089e-03,  8.66063536e-02, -4.67334890e-03,\n",
       "           3.10050495e+00, -6.60571902e-02],\n",
       "         [-3.84816305e-02, -3.97843344e-02, -8.46153237e-02,\n",
       "          -6.60571902e-02,  4.19657733e+00]],\n",
       " \n",
       "        [[ 3.24865738e+00,  3.63432185e-02, -1.47700085e-04,\n",
       "           2.62313703e-03, -3.00189978e-02],\n",
       "         [ 3.63432185e-02,  3.93462775e+00, -7.04276263e-02,\n",
       "           1.08635113e-01, -3.97754682e-02],\n",
       "         [-1.47700085e-04, -7.04276263e-02,  4.01492301e+00,\n",
       "          -9.09292184e-03, -8.28854257e-02],\n",
       "         [ 2.62313703e-03,  1.08635113e-01, -9.09292184e-03,\n",
       "           4.06935314e+00, -6.47490618e-02],\n",
       "         [-3.00189978e-02, -3.97754682e-02, -8.28854257e-02,\n",
       "          -6.47490618e-02,  3.43261764e+00]],\n",
       " \n",
       "        [[ 3.23870086e+00,  3.31278471e-02, -3.15511720e-03,\n",
       "           7.89217076e-05, -3.28333834e-02],\n",
       "         [ 3.31278471e-02,  3.80064037e+00, -6.69111758e-02,\n",
       "           9.53269837e-02, -4.55230554e-02],\n",
       "         [-3.15511720e-03, -6.69111758e-02,  3.48459254e+00,\n",
       "          -8.21470751e-03, -8.85111526e-02],\n",
       "         [ 7.89217076e-05,  9.53269837e-02, -8.21470751e-03,\n",
       "           3.23942821e+00, -6.08938380e-02],\n",
       "         [-3.28333834e-02, -4.55230554e-02, -8.85111526e-02,\n",
       "          -6.08938380e-02,  4.03949351e+00]]], shape=(200, 5, 5))]"
      ]
     },
     "execution_count": 4,
     "metadata": {},
     "output_type": "execute_result"
    }
   ],
   "source": [
    "sampler.inv_covariances_list"
   ]
  },
  {
   "cell_type": "code",
   "execution_count": 5,
   "id": "360bf0c7",
   "metadata": {},
   "outputs": [
    {
     "data": {
      "text/plain": [
       "array([[[ 1.00000000e+10,  0.00000000e+00,  0.00000000e+00,\n",
       "          0.00000000e+00,  0.00000000e+00],\n",
       "        [ 0.00000000e+00,  1.00000000e+10,  0.00000000e+00,\n",
       "          0.00000000e+00,  0.00000000e+00],\n",
       "        [ 0.00000000e+00,  0.00000000e+00,  1.00000000e+10,\n",
       "          0.00000000e+00,  0.00000000e+00],\n",
       "        [ 0.00000000e+00,  0.00000000e+00,  0.00000000e+00,\n",
       "          1.00000000e+10,  0.00000000e+00],\n",
       "        [ 0.00000000e+00,  0.00000000e+00,  0.00000000e+00,\n",
       "          0.00000000e+00,  1.00000000e+10]],\n",
       "\n",
       "       [[ 6.64361995e+08,  3.29709618e+08,  1.36919605e+08,\n",
       "          4.15726469e+07,  8.14578172e+07],\n",
       "        [ 3.29709618e+08,  8.79170003e+08,  1.13165760e+08,\n",
       "         -1.14048778e+08,  3.82974185e+08],\n",
       "        [ 1.36919605e+08,  1.13165760e+08,  5.82027135e+08,\n",
       "         -3.04497530e+08,  2.46116646e+08],\n",
       "        [ 4.15726469e+07, -1.14048778e+08, -3.04497530e+08,\n",
       "          1.67538857e+09, -3.94806716e+08],\n",
       "        [ 8.14578172e+07,  3.82974185e+08,  2.46116646e+08,\n",
       "         -3.94806716e+08,  7.83720405e+08]],\n",
       "\n",
       "       [[ 6.60478618e+07,  6.13481246e+06, -4.25851895e+06,\n",
       "         -2.18478120e+07, -1.04196680e+07],\n",
       "        [ 6.13481246e+06,  4.57164628e+07,  1.87008912e+07,\n",
       "         -1.94746272e+07,  3.83387787e+07],\n",
       "        [-4.25851895e+06,  1.87008912e+07,  4.04368797e+07,\n",
       "         -2.03381255e+07,  3.08434705e+07],\n",
       "        [-2.18478120e+07, -1.94746272e+07, -2.03381255e+07,\n",
       "          1.33910784e+08,  1.08537718e+07],\n",
       "        [-1.04196680e+07,  3.83387787e+07,  3.08434705e+07,\n",
       "          1.08537718e+07,  7.47986520e+07]],\n",
       "\n",
       "       ...,\n",
       "\n",
       "       [[ 3.09918233e+00,  3.54926997e-02,  5.73252866e-03,\n",
       "          3.11381089e-03, -3.84816305e-02],\n",
       "        [ 3.54926997e-02,  3.13954461e+00, -5.07821229e-02,\n",
       "          8.66063536e-02, -3.97843344e-02],\n",
       "        [ 5.73252866e-03, -5.07821229e-02,  3.01181780e+00,\n",
       "         -4.67334890e-03, -8.46153237e-02],\n",
       "        [ 3.11381089e-03,  8.66063536e-02, -4.67334890e-03,\n",
       "          3.10050495e+00, -6.60571902e-02],\n",
       "        [-3.84816305e-02, -3.97843344e-02, -8.46153237e-02,\n",
       "         -6.60571902e-02,  4.19657733e+00]],\n",
       "\n",
       "       [[ 3.24865738e+00,  3.63432185e-02, -1.47700085e-04,\n",
       "          2.62313703e-03, -3.00189978e-02],\n",
       "        [ 3.63432185e-02,  3.93462775e+00, -7.04276263e-02,\n",
       "          1.08635113e-01, -3.97754682e-02],\n",
       "        [-1.47700085e-04, -7.04276263e-02,  4.01492301e+00,\n",
       "         -9.09292184e-03, -8.28854257e-02],\n",
       "        [ 2.62313703e-03,  1.08635113e-01, -9.09292184e-03,\n",
       "          4.06935314e+00, -6.47490618e-02],\n",
       "        [-3.00189978e-02, -3.97754682e-02, -8.28854257e-02,\n",
       "         -6.47490618e-02,  3.43261764e+00]],\n",
       "\n",
       "       [[ 3.23870086e+00,  3.31278471e-02, -3.15511720e-03,\n",
       "          7.89217076e-05, -3.28333834e-02],\n",
       "        [ 3.31278471e-02,  3.80064037e+00, -6.69111758e-02,\n",
       "          9.53269837e-02, -4.55230554e-02],\n",
       "        [-3.15511720e-03, -6.69111758e-02,  3.48459254e+00,\n",
       "         -8.21470751e-03, -8.85111526e-02],\n",
       "        [ 7.89217076e-05,  9.53269837e-02, -8.21470751e-03,\n",
       "          3.23942821e+00, -6.08938380e-02],\n",
       "        [-3.28333834e-02, -4.55230554e-02, -8.85111526e-02,\n",
       "         -6.08938380e-02,  4.03949351e+00]]], shape=(200, 5, 5))"
      ]
     },
     "execution_count": 5,
     "metadata": {},
     "output_type": "execute_result"
    }
   ],
   "source": [
    "sampler.inv_covariances_list[0]"
   ]
  },
  {
   "cell_type": "code",
   "execution_count": 6,
   "id": "b9491f1a",
   "metadata": {},
   "outputs": [
    {
     "data": {
      "text/plain": [
       "[array([[ 0.460015  ,  0.45275167,  0.46970832,  0.53074169,  0.64751834],\n",
       "        [ 0.46000763,  0.4527654 ,  0.46972023,  0.53073865,  0.64752171],\n",
       "        [ 0.46001589,  0.45274951,  0.4697012 ,  0.53073308,  0.64750361],\n",
       "        ...,\n",
       "        [ 0.29940894,  0.57016042,  0.9295042 , -0.29139331, -0.32483685],\n",
       "        [ 0.23610649,  0.46013903, -0.2052673 ,  0.53331221, -0.19884556],\n",
       "        [-0.50918757,  0.49646231, -1.11149906,  0.63115437, -0.32740907]],\n",
       "       shape=(100000, 5))]"
      ]
     },
     "execution_count": 6,
     "metadata": {},
     "output_type": "execute_result"
    }
   ],
   "source": [
    "proc_pt = sampler.searched_points_list\n",
    "proc_pt"
   ]
  },
  {
   "cell_type": "code",
   "execution_count": 7,
   "id": "068ed855",
   "metadata": {},
   "outputs": [
    {
     "data": {
      "text/plain": [
       "[array([1.63139278, 1.61267667, 1.62298524, ...,       -inf,       -inf,\n",
       "              -inf], shape=(100000,))]"
      ]
     },
     "execution_count": 7,
     "metadata": {},
     "output_type": "execute_result"
    }
   ],
   "source": [
    "logden_list = sampler.searched_log_densities_list\n",
    "logden_list"
   ]
  },
  {
   "cell_type": "code",
   "execution_count": null,
   "id": "4130abc0",
   "metadata": {},
   "outputs": [],
   "source": [
    "maxld_pt1 = prior_transform(proc_pt[0][np.argmax(logden_list)].reshape(1, -1))\n",
    "\n",
    "# maxld_pt2 = prior_transform(proc_pt[1][np.argmax(logden_list)].reshape(1, -1))\n",
    "# maxld_pt3 = prior_transform(proc_pt[2][np.argmax(logden_list)].reshape(1, -1))\n",
    "# maxld_pt4 = prior_transform(proc_pt[3][np.argmax(logden_list)].reshape(1, -1))\n"
   ]
  },
  {
   "cell_type": "code",
   "execution_count": 9,
   "id": "3c2b95c2",
   "metadata": {},
   "outputs": [
    {
     "data": {
      "text/plain": [
       "array([[5.97800849, 1.06132813, 0.59586799, 9.62228753, 0.36892448]])"
      ]
     },
     "execution_count": 9,
     "metadata": {},
     "output_type": "execute_result"
    }
   ],
   "source": [
    "maxld_pt1"
   ]
  },
  {
   "cell_type": "code",
   "execution_count": 10,
   "id": "7066a701",
   "metadata": {},
   "outputs": [
    {
     "data": {
      "text/plain": [
       "array([3.22728675])"
      ]
     },
     "execution_count": 10,
     "metadata": {},
     "output_type": "execute_result"
    }
   ],
   "source": [
    "log_density(maxld_pt1)"
   ]
  },
  {
   "cell_type": "code",
   "execution_count": null,
   "id": "7e727101",
   "metadata": {},
   "outputs": [],
   "source": [
    "logm1_pt, logm2_pt, a_pt, p0_pt, e0_pt = maxld_pt1[0]\n",
    "\n",
    "h_pt1 = waveform_gen_comb(\n",
    "    10**logm1_pt, 10**logm2_pt, a_pt, p0_pt, e0_pt,\n",
    "    xI0, dist, qS, phiS, qK, phiK, Phi_phi0, Phi_theta0, Phi_r0,\n",
    "    dt=dt, T=T\n",
    ")"
   ]
  },
  {
   "cell_type": "code",
   "execution_count": 12,
   "id": "0ad8d68a",
   "metadata": {},
   "outputs": [
    {
     "data": {
      "text/plain": [
       "array(5.70160971)"
      ]
     },
     "execution_count": 12,
     "metadata": {},
     "output_type": "execute_result"
    }
   ],
   "source": [
    "gwf.rhostat(h_pt1)"
   ]
  },
  {
   "cell_type": "code",
   "execution_count": 13,
   "id": "e516b7d6",
   "metadata": {},
   "outputs": [
    {
     "data": {
      "text/plain": [
       "(array(3.76274638), array(0.00345823))"
      ]
     },
     "execution_count": 13,
     "metadata": {},
     "output_type": "execute_result"
    }
   ],
   "source": [
    "gwf.Xstat_timemax(data, h_pt1), gwf.Xstat(data, h_pt1)"
   ]
  },
  {
   "cell_type": "code",
   "execution_count": 14,
   "id": "36c44346",
   "metadata": {},
   "outputs": [
    {
     "data": {
      "text/plain": [
       "[(5.6, 6.4), (0.8, 1.3), (0.3, 0.99), (8.0, 11.0), (0.2, 0.5)]"
      ]
     },
     "execution_count": 14,
     "metadata": {},
     "output_type": "execute_result"
    }
   ],
   "source": [
    "param_ranges = [(5.6,6.4),\n",
    "                (0.8,1.3),\n",
    "                (0.3,0.99),\n",
    "                (8.0,11.0),\n",
    "                (0.2,0.5)\n",
    "                ]\n",
    "param_ranges"
   ]
  },
  {
   "cell_type": "code",
   "execution_count": null,
   "id": "e33c90f6",
   "metadata": {},
   "outputs": [
    {
     "data": {
